1,126.314333,33.305433,249947.5672,3688367.483
2,126.314331,33.305432,249947.3814,3688367.433
3,126.314329,33.305432,249947.1964,3688367.388
4,126.314327,33.305431,249947.01,3688367.344
5,126.314325,33.305431,249946.824,3688367.291
6,126.314323,33.30543,249946.6295,3688367.247
7,126.314321,33.30543,249946.4547,3688367.179
8,126.314319,33.305429,249946.2723,3688367.122
9,126.314318,33.305429,249946.0863,3688367.061
10,126.314316,33.305428,249945.9096,3688366.99
11,126.314314,33.305427,249945.7304,3688366.924
12,126.314312,33.305427,249945.5453,3688366.851
13,126.31431,33.305426,249945.3707,3688366.782
14,126.314308,33.305425,249945.1946,3688366.717
15,126.314306,33.305425,249945.0064,3688366.652
16,126.314304,33.305424,249944.8281,3688366.581
17,126.314302,33.305423,249944.6462,3688366.517
18,126.3143,33.305423,249944.461,3688366.449
19,126.314298,33.305422,249944.2781,3688366.379
20,126.314296,33.305421,249944.091,3688366.315
21,126.314294,33.305421,249943.9083,3688366.26
22,126.314292,33.30542,249943.7173,3688366.215
23,126.31429,33.30542,249943.522,3688366.173
24,126.314288,33.305419,249943.3285,3688366.125
25,126.314286,33.305419,249943.1425,3688366.072
26,126.314284,33.305419,249942.948,3688366.028
27,126.314282,33.305418,249942.7605,3688365.985
28,126.31428,33.305418,249942.5751,3688365.945
29,126.314278,33.305417,249942.3813,3688365.903
30,126.314276,33.305417,249942.188,3688365.86
31,126.314274,33.305416,249941.9986,3688365.822
32,126.314272,33.305416,249941.8085,3688365.795
33,126.31427,33.305416,249941.6274,3688365.764
34,126.314268,33.305415,249941.4363,3688365.731
35,126.314266,33.305415,249941.2517,3688365.71
36,126.314264,33.305415,249941.0608,3688365.696
37,126.314262,33.305415,249940.8626,3688365.672
38,126.31426,33.305415,249940.6739,3688365.662
39,126.314258,33.305415,249940.4864,3688365.663
40,126.314256,33.305415,249940.2968,3688365.661
41,126.314254,33.305414,249940.0997,3688365.651
42,126.314252,33.305414,249939.9067,3688365.64
43,126.31425,33.305414,249939.7127,3688365.63
44,126.314247,33.305414,249939.5218,3688365.62
45,126.314245,33.305414,249939.3225,3688365.607
46,126.314243,33.305414,249939.1326,3688365.604
47,126.314241,33.305414,249938.9337,3688365.61
48,126.314239,33.305414,249938.7341,3688365.616
49,126.314237,33.305414,249938.5363,3688365.621
50,126.314235,33.305414,249938.3417,3688365.626
51,126.314233,33.305414,249938.1566,3688365.63
52,126.314231,33.305414,249937.9731,3688365.641
53,126.314229,33.305414,249937.7829,3688365.659
54,126.314227,33.305414,249937.5833,3688365.664
55,126.314225,33.305414,249937.3838,3688365.669
56,126.314222,33.305414,249937.1936,3688365.686
57,126.31422,33.305414,249937.002,3688365.707
58,126.314218,33.305414,249936.816,3688365.728
59,126.314216,33.305415,249936.6283,3688365.749
60,126.314214,33.305415,249936.4388,3688365.767
61,126.314212,33.305415,249936.2467,3688365.774
62,126.31421,33.305415,249936.0483,3688365.796
63,126.314208,33.305415,249935.8537,3688365.806
64,126.314206,33.305415,249935.6598,3688365.824
65,126.314204,33.305415,249935.4638,3688365.842
66,126.314202,33.305415,249935.2672,3688365.853
67,126.3142,33.305415,249935.0713,3688365.877
68,126.314198,33.305416,249934.8765,3688365.901
69,126.314195,33.305416,249934.6804,3688365.927
70,126.314193,33.305416,249934.4846,3688365.965
71,126.314191,33.305416,249934.2888,3688366.004
72,126.314189,33.305416,249934.0957,3688366.028
73,126.314187,33.305417,249933.9015,3688366.072
74,126.314185,33.305417,249933.7127,3688366.102
75,126.314183,33.305417,249933.5152,3688366.12
76,126.314181,33.305418,249933.3255,3688366.164
77,126.314179,33.305418,249933.1352,3688366.191
78,126.314177,33.305418,249932.9445,3688366.217
79,126.314175,33.305418,249932.7515,3688366.241
80,126.314173,33.305418,249932.5648,3688366.273
81,126.314171,33.305419,249932.3694,3688366.31
82,126.314168,33.305419,249932.1729,3688366.338
83,126.314166,33.305419,249931.9856,3688366.385
84,126.314164,33.30542,249931.7966,3688366.441
85,126.314164,33.30542,249931.7473,3688366.443
86,126.314164,33.30542,249931.7323,3688366.451
87,126.314164,33.30542,249931.7323,3688366.451
88,126.314164,33.30542,249931.7325,3688366.458
89,126.314164,33.30542,249931.7321,3688366.443
90,126.314164,33.30542,249931.7325,3688366.458
91,126.314164,33.30542,249931.7323,3688366.451
92,126.314164,33.30542,249931.7201,3688366.462
93,126.314163,33.30542,249931.713,3688366.462
94,126.314162,33.30542,249931.5814,3688366.493
95,126.31416,33.30542,249931.3894,3688366.535
96,126.314158,33.305421,249931.199,3688366.572
97,126.314156,33.305421,249931.0111,3688366.624
98,126.314154,33.305421,249930.8191,3688366.666
99,126.314152,33.305422,249930.6332,3688366.723
100,126.31415,33.305422,249930.4449,3688366.77
101,126.314148,33.305423,249930.2562,3688366.827
102,126.314146,33.305423,249930.0756,3688366.879
103,126.314144,33.305424,249929.8884,3688366.92
104,126.314142,33.305424,249929.703,3688366.965
105,126.31414,33.305424,249929.5173,3688367.018
106,126.314138,33.305425,249929.3274,3688367.074
107,126.314136,33.305425,249929.1379,3688367.132
108,126.314134,33.305426,249928.9527,3688367.188
109,126.314132,33.305426,249928.7673,3688367.252
110,126.31413,33.305427,249928.5821,3688367.321
111,126.314128,33.305427,249928.3964,3688367.395
112,126.314126,33.305428,249928.2116,3688367.47
113,126.314124,33.305429,249928.0285,3688367.541
114,126.314122,33.305429,249927.8442,3688367.618
115,126.31412,33.30543,249927.6638,3688367.688
116,126.314118,33.305431,249927.4857,3688367.761
117,126.314116,33.305431,249927.317,3688367.845
118,126.314114,33.305432,249927.1516,3688367.936
119,126.314112,33.305433,249926.9755,3688368.025
120,126.31411,33.305434,249926.8037,3688368.125
121,126.314108,33.305435,249926.6345,3688368.224
122,126.314107,33.305435,249926.4717,3688368.319
123,126.314105,33.305436,249926.3003,3688368.409
124,126.314103,33.305437,249926.1298,3688368.507
125,126.314101,33.305438,249925.9689,3688368.614
126,126.314099,33.305439,249925.8034,3688368.713
127,126.314098,33.30544,249925.6391,3688368.82
128,126.314096,33.305441,249925.4736,3688368.927
129,126.314094,33.305441,249925.3038,3688369.016
130,126.314092,33.305442,249925.1378,3688369.126
131,126.31409,33.305443,249924.9733,3688369.239
132,126.314089,33.305444,249924.8169,3688369.354
133,126.314087,33.305445,249924.6686,3688369.473
134,126.314085,33.305446,249924.5188,3688369.596
135,126.314084,33.305447,249924.3582,3688369.705
136,126.314082,33.305448,249924.1959,3688369.814
137,126.31408,33.305449,249924.0418,3688369.929
138,126.314078,33.30545,249923.8861,3688370.045
139,126.314077,33.305451,249923.7356,3688370.162
140,126.314075,33.305452,249923.5877,3688370.281
141,126.314074,33.305453,249923.433,3688370.39
142,126.314072,33.305454,249923.2828,3688370.509
143,126.31407,33.305455,249923.1248,3688370.624
144,126.314068,33.305456,249922.9693,3688370.739
145,126.314067,33.305457,249922.8072,3688370.844
146,126.314065,33.305458,249922.6463,3688370.951
147,126.314063,33.305459,249922.49,3688371.059
148,126.314061,33.30546,249922.3315,3688371.174
149,126.31406,33.305461,249922.1739,3688371.296
150,126.314058,33.305462,249922.0116,3688371.411
151,126.314056,33.305463,249921.8508,3688371.525
152,126.314055,33.305464,249921.7051,3688371.647
153,126.314053,33.305465,249921.5499,3688371.76
154,126.314051,33.305466,249921.4014,3688371.875
155,126.31405,33.305467,249921.2525,3688371.996
156,126.314048,33.305468,249921.1009,3688372.119
157,126.314046,33.305469,249920.9359,3688372.231
158,126.314045,33.30547,249920.7878,3688372.364
159,126.314043,33.305472,249920.6407,3688372.489
160,126.314041,33.305473,249920.4964,3688372.612
161,126.31404,33.305474,249920.3476,3688372.731
162,126.314038,33.305475,249920.1966,3688372.848
163,126.314037,33.305476,249920.0657,3688372.99
164,126.314035,33.305477,249919.919,3688373.118
165,126.314033,33.305478,249919.7651,3688373.241
166,126.314032,33.305479,249919.6108,3688373.364
167,126.31403,33.30548,249919.457,3688373.487
168,126.314028,33.305481,249919.3133,3688373.615
169,126.314027,33.305483,249919.1697,3688373.746
170,126.314025,33.305484,249919.0288,3688373.878
171,126.314024,33.305485,249918.8927,3688374.02
172,126.314022,33.305486,249918.7542,3688374.161
173,126.314021,33.305487,249918.6138,3688374.298
174,126.314019,33.305489,249918.4892,3688374.442
175,126.314018,33.30549,249918.3746,3688374.602
176,126.314017,33.305491,249918.251,3688374.758
177,126.314015,33.305493,249918.1285,3688374.912
178,126.314014,33.305494,249918.0174,3688375.072
179,126.314013,33.305496,249917.9117,3688375.241
180,126.314012,33.305497,249917.8028,3688375.401
181,126.31401,33.305498,249917.686,3688375.55
182,126.314009,33.3055,249917.5655,3688375.695
183,126.314008,33.305501,249917.4541,3688375.845
184,126.314007,33.305502,249917.3426,3688375.994
185,126.314005,33.305504,249917.2253,3688376.141
186,126.314004,33.305505,249917.1083,3688376.288
187,126.314003,33.305506,249916.9996,3688376.437
188,126.314002,33.305508,249916.8823,3688376.587
189,126.314,33.305509,249916.7475,3688376.727
190,126.313998,33.30551,249916.6061,3688376.86
191,126.313997,33.305511,249916.4695,3688376.987
192,126.313995,33.305512,249916.3258,3688377.118
193,126.313994,33.305513,249916.1816,3688377.249
194,126.313992,33.305515,249916.0383,3688377.38
195,126.313991,33.305516,249915.8897,3688377.51
196,126.313989,33.305517,249915.7379,3688377.637
197,126.313987,33.305518,249915.5878,3688377.758
198,126.313986,33.305519,249915.4338,3688377.885
199,126.313984,33.30552,249915.277,3688378.008
200,126.313982,33.305521,249915.1195,3688378.117
201,126.31398,33.305522,249914.9562,3688378.218
202,126.313979,33.305523,249914.7865,3688378.317
203,126.313977,33.305524,249914.6115,3688378.409
204,126.313975,33.305524,249914.4423,3688378.508
205,126.313973,33.305525,249914.2741,3688378.584
206,126.313971,33.305526,249914.0906,3688378.66
207,126.313969,33.305526,249913.9136,3688378.728
208,126.313967,33.305527,249913.7351,3688378.793
209,126.313965,33.305527,249913.55,3688378.857
210,126.313963,33.305528,249913.3641,3688378.911
211,126.313961,33.305528,249913.1759,3688378.977
212,126.313959,33.305529,249912.9987,3688379.039
213,126.313957,33.305529,249912.819,3688379.098
214,126.313955,33.30553,249912.6259,3688379.149
215,126.313953,33.30553,249912.4331,3688379.185
216,126.313951,33.30553,249912.2422,3688379.239
217,126.313949,33.305531,249912.0548,3688379.276
218,126.313947,33.305531,249911.8633,3688379.303
219,126.313945,33.305531,249911.6773,3688379.324
220,126.313943,33.305531,249911.4817,3688379.35
221,126.313941,33.305532,249911.2855,3688379.382
222,126.313939,33.305532,249911.0877,3688379.387
223,126.313937,33.305532,249910.8979,3688379.392
224,126.313935,33.305532,249910.7091,3688379.397
225,126.313932,33.305531,249910.5199,3688379.397
226,126.31393,33.305531,249910.3218,3688379.388
227,126.313928,33.305531,249910.1223,3688379.378
228,126.313926,33.305531,249909.9292,3688379.368
229,126.313924,33.305531,249909.7448,3688379.349
230,126.313922,33.305531,249909.549,3688379.334
231,126.31392,33.305531,249909.359,3688379.332
232,126.313918,33.30553,249909.1702,3688379.305
233,126.313916,33.30553,249908.9841,3688379.282
234,126.313914,33.30553,249908.7877,3688379.268
235,126.313912,33.30553,249908.5914,3688379.237
236,126.31391,33.305529,249908.4027,3688379.194
237,126.313908,33.305529,249908.2136,3688379.153
238,126.313906,33.305528,249908.0161,3688379.124
239,126.313904,33.305528,249907.8207,3688379.098
240,126.313902,33.305528,249907.6314,3688379.073
241,126.313899,33.305527,249907.4356,3688379.033
242,126.313897,33.305527,249907.2422,3688378.99
243,126.313895,33.305527,249907.0474,3688378.948
244,126.313893,33.305526,249906.8611,3688378.911
245,126.313891,33.305526,249906.6641,3688378.877
246,126.313889,33.305525,249906.4784,3688378.831
247,126.313887,33.305525,249906.2935,3688378.778
248,126.313885,33.305524,249906.1096,3688378.715
249,126.313883,33.305524,249905.9193,3688378.66
250,126.313881,33.305523,249905.7278,3688378.618
251,126.313879,33.305523,249905.5434,3688378.56
252,126.313877,33.305522,249905.3487,3688378.519
253,126.313875,33.305522,249905.1573,3688378.468
254,126.313873,33.305521,249904.9765,3688378.428
255,126.313871,33.305521,249904.7858,3688378.384
256,126.313869,33.30552,249904.6026,3688378.326
257,126.313867,33.30552,249904.4164,3688378.268
258,126.313865,33.305519,249904.2415,3688378.2
259,126.313863,33.305519,249904.0588,3688378.141
260,126.313862,33.305518,249903.8786,3688378.088
261,126.31386,33.305518,249903.6872,3688378.032
262,126.313858,33.305517,249903.4989,3688377.989
263,126.313856,33.305517,249903.3111,3688377.949
264,126.313853,33.305516,249903.12,3688377.893
265,126.313852,33.305516,249902.9414,3688377.837
266,126.31385,33.305515,249902.759,3688377.778
267,126.313848,33.305514,249902.5825,3688377.714
268,126.313846,33.305514,249902.4043,3688377.637
269,126.313844,33.305513,249902.2313,3688377.555
270,126.313842,33.305512,249902.0669,3688377.455
271,126.313841,33.305511,249901.8974,3688377.359
272,126.313839,33.30551,249901.7334,3688377.256
273,126.313837,33.305509,249901.5847,3688377.132
274,126.313836,33.305508,249901.4525,3688376.992
275,126.313835,33.305506,249901.3267,3688376.85
276,126.313833,33.305505,249901.2005,3688376.702
277,126.313832,33.305503,249901.096,3688376.534
278,126.313831,33.305502,249901.0041,3688376.364
279,126.313831,33.3055,249900.9414,3688376.182
280,126.31383,33.305499,249900.8911,3688375.991
281,126.31383,33.305497,249900.8508,3688375.796
282,126.313829,33.305495,249900.8128,3688375.601
283,126.313829,33.305493,249900.7895,3688375.403
284,126.313829,33.305491,249900.7547,3688375.207
285,126.313829,33.30549,249900.7483,3688375.009
286,126.313829,33.305488,249900.7236,3688374.816
287,126.313828,33.305486,249900.6905,3688374.634
288,126.313828,33.305484,249900.6588,3688374.437
289,126.313828,33.305483,249900.6288,3688374.245
290,126.313827,33.305481,249900.5985,3688374.051
291,126.313827,33.305479,249900.5409,3688373.864
292,126.313826,33.305478,249900.4898,3688373.688
293,126.313826,33.305476,249900.4543,3688373.499
294,126.313826,33.305474,249900.4307,3688373.306
295,126.313825,33.305472,249900.388,3688373.113
296,126.313825,33.305471,249900.3303,3688372.926
297,126.313824,33.305469,249900.2707,3688372.745
298,126.313824,33.305468,249900.2167,3688372.565
299,126.313823,33.305466,249900.1465,3688372.382
300,126.313822,33.305464,249900.0695,3688372.214
301,126.313822,33.305463,249900.0085,3688372.032
302,126.313821,33.305461,249899.9117,3688371.862
303,126.31382,33.30546,249899.8095,3688371.702
304,126.313819,33.305458,249899.6978,3688371.54
305,126.313817,33.305457,249899.5728,3688371.385
306,126.313816,33.305455,249899.4496,3688371.241
307,126.313815,33.305454,249899.3274,3688371.088
308,126.313813,33.305453,249899.2051,3688370.936
309,126.313812,33.305451,249899.0848,3688370.787
310,126.313811,33.30545,249898.9528,3688370.644
311,126.313809,33.305449,249898.8119,3688370.514
312,126.313808,33.305447,249898.6676,3688370.38
313,126.313806,33.305446,249898.5349,3688370.245
314,126.313805,33.305445,249898.3838,3688370.125
315,126.313803,33.305444,249898.2288,3688370.012
316,126.313802,33.305443,249898.0735,3688369.912
317,126.3138,33.305442,249897.9073,3688369.807
318,126.313798,33.305441,249897.7491,3688369.693
319,126.313796,33.30544,249897.5863,3688369.599
320,126.313795,33.305439,249897.413,3688369.505
321,126.313793,33.305439,249897.2285,3688369.43
322,126.313791,33.305438,249897.0497,3688369.361
323,126.313789,33.305437,249896.8645,3688369.303
324,126.313787,33.305437,249896.6735,3688369.259
325,126.313785,33.305436,249896.484,3688369.217
326,126.313783,33.305436,249896.291,3688369.19
327,126.313781,33.305436,249896.1014,3688369.151
328,126.313779,33.305436,249895.9123,3688369.132
329,126.313777,33.305435,249895.721,3688369.122
330,126.313774,33.305435,249895.5301,3688369.115
331,126.313772,33.305435,249895.3306,3688369.12
332,126.31377,33.305435,249895.1351,3688369.125
333,126.313768,33.305435,249894.9457,3688369.14
334,126.313766,33.305436,249894.7573,3688369.153
335,126.313764,33.305436,249894.5704,3688369.175
336,126.313762,33.305436,249894.3836,3688369.207
337,126.31376,33.305436,249894.1928,3688369.23
338,126.313758,33.305436,249894.0003,3688369.252
339,126.313756,33.305436,249893.8124,3688369.275
340,126.313754,33.305437,249893.6211,3688369.313
341,126.313752,33.305437,249893.4283,3688369.349
342,126.31375,33.305437,249893.2451,3688369.381
343,126.313748,33.305438,249893.0612,3688369.423
344,126.313746,33.305438,249892.8819,3688369.473
345,126.313744,33.305438,249892.6949,3688369.523
346,126.313742,33.305439,249892.5158,3688369.589
347,126.31374,33.305439,249892.3395,3688369.654
348,126.313738,33.30544,249892.1698,3688369.725
349,126.313736,33.305441,249891.9899,3688369.809
350,126.313734,33.305442,249891.8189,3688369.898
351,126.313733,33.305442,249891.6544,3688370.002
352,126.313731,33.305443,249891.4873,3688370.108
353,126.313729,33.305444,249891.3248,3688370.219
354,126.313727,33.305445,249891.1601,3688370.324
355,126.313726,33.305446,249891.0032,3688370.434
356,126.313724,33.305447,249890.8451,3688370.548
357,126.313722,33.305448,249890.689,3688370.671
358,126.313721,33.305449,249890.5469,3688370.792
359,126.313719,33.30545,249890.4101,3688370.921
360,126.313717,33.305452,249890.2641,3688371.057
361,126.313716,33.305453,249890.124,3688371.191
362,126.313714,33.305454,249889.9886,3688371.322
363,126.313713,33.305455,249889.8428,3688371.455
364,126.313711,33.305456,249889.6978,3688371.588
365,126.31371,33.305458,249889.5591,3688371.73
366,126.313708,33.305459,249889.4264,3688371.878
367,126.313707,33.30546,249889.3027,3688372.02
368,126.313705,33.305461,249889.1766,3688372.163
369,126.313704,33.305463,249889.0532,3688372.305
370,126.313703,33.305464,249888.9326,3688372.456
371,126.313701,33.305465,249888.8113,3688372.608
372,126.3137,33.305467,249888.6913,3688372.759
373,126.313699,33.305468,249888.5755,3688372.904
374,126.313698,33.305469,249888.4643,3688373.062
375,126.313696,33.305471,249888.3647,3688373.229
376,126.313695,33.305472,249888.2491,3688373.39
377,126.313694,33.305474,249888.1537,3688373.556
378,126.313693,33.305475,249888.058,3688373.722
379,126.313692,33.305476,249887.9581,3688373.878
380,126.313691,33.305478,249887.8527,3688374.033
381,126.31369,33.305479,249887.7543,3688374.204
382,126.313689,33.305481,249887.6554,3688374.375
383,126.313688,33.305482,249887.5685,3688374.544
384,126.313687,33.305484,249887.4795,3688374.722
385,126.313686,33.305485,249887.3981,3688374.89
386,126.313685,33.305487,249887.316,3688375.071
387,126.313684,33.305489,249887.2385,3688375.253
388,126.313683,33.30549,249887.1706,3688375.427
389,126.313682,33.305492,249887.1044,3688375.611
390,126.313681,33.305494,249887.0341,3688375.797
391,126.313681,33.305495,249886.9703,3688375.98
392,126.31368,33.305497,249886.9138,3688376.165
393,126.313679,33.305498,249886.843,3688376.347
394,126.313679,33.3055,249886.7814,3688376.534
395,126.313678,33.305502,249886.7242,3688376.712
396,126.313677,33.305503,249886.6624,3688376.896
397,126.313676,33.305505,249886.5997,3688377.074
398,126.313676,33.305507,249886.5335,3688377.253
399,126.313675,33.305508,249886.4493,3688377.431
400,126.313674,33.30551,249886.3645,3688377.611
401,126.313673,33.305511,249886.2803,3688377.789
402,126.313672,33.305513,249886.1758,3688377.959
403,126.313671,33.305514,249886.0743,3688378.118
404,126.313669,33.305516,249885.9688,3688378.285
405,126.313668,33.305517,249885.8557,3688378.436
406,126.313667,33.305518,249885.7397,3688378.591
407,126.313666,33.30552,249885.6243,3688378.736
408,126.313664,33.305521,249885.4866,3688378.879
409,126.313663,33.305522,249885.3584,3688379.024
410,126.313661,33.305523,249885.2203,3688379.163
411,126.31366,33.305525,249885.0818,3688379.299
412,126.313658,33.305526,249884.9409,3688379.432
413,126.313657,33.305527,249884.808,3688379.568
414,126.313655,33.305528,249884.6588,3688379.69
415,126.313653,33.305529,249884.5097,3688379.802
416,126.313652,33.30553,249884.3514,3688379.918
417,126.31365,33.305531,249884.2001,3688380.03
418,126.313648,33.305532,249884.0293,3688380.127
419,126.313646,33.305533,249883.8591,3688380.223
420,126.313644,33.305534,249883.6906,3688380.322
421,126.313642,33.305534,249883.5193,3688380.423
422,126.313641,33.305535,249883.3471,3688380.524
423,126.313639,33.305536,249883.1744,3688380.61
424,126.313637,33.305537,249883.0065,3688380.712
425,126.313635,33.305538,249882.838,3688380.807
426,126.313633,33.305538,249882.668,3688380.891
427,126.313631,33.305539,249882.4941,3688380.982
428,126.313629,33.30554,249882.3226,3688381.061
429,126.313628,33.305541,249882.1456,3688381.145
430,126.313626,33.305541,249881.9641,3688381.223
431,126.313624,33.305542,249881.7834,3688381.29
432,126.313622,33.305542,249881.6023,3688381.363
433,126.31362,33.305543,249881.4267,3688381.438
434,126.313618,33.305544,249881.2504,3688381.519
435,126.313616,33.305544,249881.075,3688381.588
436,126.313614,33.305545,249880.8997,3688381.656
437,126.313612,33.305546,249880.7235,3688381.729
438,126.31361,33.305546,249880.5337,3688381.782
439,126.313608,33.305547,249880.3555,3688381.848
440,126.313606,33.305547,249880.176,3688381.914
441,126.313604,33.305547,249879.9874,3688381.963
442,126.313602,33.305548,249879.8041,3688381.999
443,126.3136,33.305548,249879.6131,3688382.049
444,126.313598,33.305549,249879.4232,3688382.103
445,126.313596,33.305549,249879.2309,3688382.141
446,126.313594,33.305549,249879.0345,3688382.176
447,126.313592,33.30555,249878.8395,3688382.218
448,126.31359,33.30555,249878.649,3688382.261
449,126.313588,33.30555,249878.4531,3688382.285
450,126.313586,33.30555,249878.2653,3688382.32
451,126.313583,33.305551,249878.0715,3688382.356
452,126.313581,33.305551,249877.8755,3688382.383
453,126.313579,33.305551,249877.688,3688382.405
454,126.313577,33.305551,249877.5007,3688382.417
455,126.313575,33.305551,249877.3133,3688382.422
456,126.313573,33.305551,249877.1258,3688382.427
457,126.313571,33.305551,249876.9343,3688382.424
458,126.313569,33.305551,249876.7412,3688382.42
459,126.313567,33.305551,249876.5532,3688382.441
460,126.313565,33.305551,249876.3541,3688382.445
461,126.313563,33.305551,249876.1558,3688382.435
462,126.313561,33.305551,249875.9591,3688382.423
463,126.313559,33.30555,249875.7614,3688382.4
464,126.313557,33.30555,249875.5646,3688382.373
465,126.313555,33.30555,249875.3718,3688382.346
466,126.313553,33.30555,249875.1836,3688382.318
467,126.31355,33.305549,249874.9894,3688382.277
468,126.313548,33.305549,249874.7959,3688382.253
469,126.313546,33.305549,249874.6079,3688382.229
470,126.313544,33.305548,249874.4174,3688382.204
471,126.313542,33.305548,249874.2326,3688382.183
472,126.31354,33.305548,249874.0396,3688382.173
473,126.313538,33.305548,249873.8457,3688382.162
474,126.313536,33.305548,249873.6551,3688382.164
475,126.313534,33.305548,249873.4628,3688382.16
476,126.313532,33.305548,249873.2696,3688382.141
477,126.31353,33.305547,249873.0813,3688382.109
478,126.313528,33.305547,249872.8917,3688382.054
479,126.313526,33.305546,249872.7057,3688382.012
480,126.313524,33.305546,249872.5162,3688381.971
481,126.313522,33.305545,249872.323,3688381.929
482,126.31352,33.305545,249872.1353,3688381.886
483,126.313518,33.305545,249871.9459,3688381.843
484,126.313516,33.305544,249871.7525,3688381.796
485,126.313514,33.305543,249871.5632,3688381.737
486,126.313512,33.305543,249871.3769,3688381.698
487,126.31351,33.305543,249871.1827,3688381.654
488,126.313508,33.305542,249871.0026,3688381.601
489,126.313506,33.305542,249870.8215,3688381.535
490,126.313504,33.305541,249870.6448,3688381.469
491,126.313502,33.30554,249870.457,3688381.411
492,126.3135,33.30554,249870.2625,3688381.367
493,126.313498,33.305539,249870.0802,3688381.302
494,126.313496,33.305539,249869.8969,3688381.232
495,126.313494,33.305538,249869.7192,3688381.169
496,126.313492,33.305537,249869.5293,3688381.113
497,126.31349,33.305537,249869.3401,3688381.054
498,126.313488,33.305536,249869.1495,3688381.007
499,126.313486,33.305536,249868.9676,3688380.964
500,126.313484,33.305536,249868.7767,3688380.933
501,126.313482,33.305535,249868.5929,3688380.917
502,126.31348,33.305535,249868.4076,3688380.912
503,126.313478,33.305535,249868.2129,3688380.916
504,126.313476,33.305535,249868.0147,3688380.905
505,126.313474,33.305535,249867.8201,3688380.908
506,126.313472,33.305535,249867.631,3688380.932
507,126.31347,33.305536,249867.446,3688380.977
508,126.313468,33.305536,249867.2661,3688381.03
509,126.313466,33.305537,249867.0868,3688381.101
510,126.313464,33.305537,249866.9045,3688381.174
511,126.313462,33.305538,249866.7213,3688381.241
512,126.31346,33.305539,249866.5506,3688381.318
513,126.313458,33.305539,249866.3681,3688381.389
514,126.313456,33.30554,249866.1889,3688381.456
515,126.313454,33.30554,249866.0093,3688381.538
516,126.313452,33.305541,249865.8352,3688381.617
517,126.31345,33.305542,249865.6603,3688381.697
518,126.313449,33.305542,249865.4852,3688381.777
519,126.313447,33.305543,249865.3065,3688381.861
520,126.313445,33.305544,249865.1338,3688381.946
521,126.313443,33.305545,249864.9554,3688382.035
522,126.313441,33.305545,249864.7835,3688382.128
523,126.313439,33.305546,249864.6046,3688382.2
524,126.313437,33.305547,249864.432,3688382.276
525,126.313435,33.305547,249864.2643,3688382.357
526,126.313433,33.305548,249864.0927,3688382.441
527,126.313432,33.305549,249863.9153,3688382.523
528,126.31343,33.305549,249863.731,3688382.593
529,126.313428,33.30555,249863.5587,3688382.684
530,126.313426,33.305551,249863.3849,3688382.763
531,126.313424,33.305551,249863.1997,3688382.823
532,126.313422,33.305552,249863.0248,3688382.897
533,126.31342,33.305553,249862.8596,3688382.986
534,126.313418,33.305554,249862.6904,3688383.078
535,126.313416,33.305554,249862.5151,3688383.173
536,126.313414,33.305555,249862.3399,3688383.262
537,126.313412,33.305556,249862.162,3688383.352
538,126.313411,33.305557,249861.9917,3688383.442
539,126.313409,33.305557,249861.8237,3688383.535
540,126.313407,33.305558,249861.6519,3688383.614
541,126.313405,33.305559,249861.4746,3688383.704
542,126.313403,33.30556,249861.3069,3688383.803
543,126.313401,33.305561,249861.1356,3688383.904
544,126.3134,33.305562,249860.9698,3688384.013
545,126.313398,33.305562,249860.8134,3688384.111
546,126.313396,33.305563,249860.6495,3688384.221
547,126.313394,33.305565,249860.5019,3688384.353
548,126.313393,33.305566,249860.3492,3688384.476
549,126.313391,33.305567,249860.2073,3688384.606
550,126.31339,33.305568,249860.0682,3688384.747
551,126.313388,33.305569,249859.9273,3688384.873
552,126.313387,33.30557,249859.7836,3688385.005
553,126.313385,33.305571,249859.6494,3688385.147
554,126.313384,33.305573,249859.5208,3688385.296
555,126.313382,33.305574,249859.3887,3688385.44
556,126.313381,33.305575,249859.2575,3688385.577
557,126.313379,33.305576,249859.128,3688385.712
558,126.313378,33.305578,249859.0138,3688385.871
559,126.313377,33.305579,249858.911,3688386.033
560,126.313376,33.305581,249858.8166,3688386.205
561,126.313375,33.305582,249858.7227,3688386.365
562,126.313374,33.305584,249858.628,3688386.536
563,126.313373,33.305585,249858.5439,3688386.708
564,126.313372,33.305587,249858.4614,3688386.89
565,126.313371,33.305588,249858.3935,3688387.064
566,126.31337,33.30559,249858.3378,3688387.247
567,126.31337,33.305592,249858.2808,3688387.434
568,126.313369,33.305593,249858.2241,3688387.61
569,126.313368,33.305595,249858.1697,3688387.793
570,126.313368,33.305597,249858.1345,3688387.986
571,126.313368,33.305598,249858.1148,3688388.178
572,126.313367,33.3056,249858.0927,3688388.376
573,126.313367,33.305602,249858.0946,3688388.559
574,126.313368,33.305604,249858.1117,3688388.745
575,126.313368,33.305605,249858.1328,3688388.944
576,126.313368,33.305607,249858.1626,3688389.136
577,126.313368,33.305609,249858.1942,3688389.326
578,126.313369,33.305611,249858.2367,3688389.519
579,126.313369,33.305612,249858.2984,3688389.708
580,126.31337,33.305614,249858.3692,3688389.882
581,126.313371,33.305615,249858.4501,3688390.064
582,126.313372,33.305617,249858.5258,3688390.245
583,126.313372,33.305619,249858.6125,3688390.416
584,126.313373,33.30562,249858.6953,3688390.58
585,126.313374,33.305622,249858.7817,3688390.746
586,126.313375,33.305623,249858.8784,3688390.92
587,126.313376,33.305625,249858.9639,3688391.094
588,126.313377,33.305626,249859.084,3688391.245
589,126.313378,33.305628,249859.2002,3688391.405
590,126.31338,33.305629,249859.321,3688391.551
591,126.313381,33.30563,249859.4517,3688391.69
592,126.313383,33.305632,249859.594,3688391.83
593,126.313384,33.305633,249859.7371,3688391.957
594,126.313386,33.305634,249859.8968,3688392.072
595,126.313387,33.305635,249860.0491,3688392.187
596,126.313389,33.305636,249860.2148,3688392.291
597,126.313391,33.305637,249860.383,3688392.398
598,126.313393,33.305638,249860.5514,3688392.49
599,126.313395,33.305639,249860.7283,3688392.571
600,126.313396,33.305639,249860.9022,3688392.656
601,126.313398,33.30564,249861.0923,3688392.711
602,126.3134,33.30564,249861.2775,3688392.757
603,126.313402,33.305641,249861.4602,3688392.808
604,126.313404,33.305641,249861.6446,3688392.847
605,126.313406,33.305642,249861.8327,3688392.872
606,126.313408,33.305642,249862.0261,3688392.897
607,126.31341,33.305642,249862.2201,3688392.908
608,126.313413,33.305642,249862.4148,3688392.919
609,126.313415,33.305642,249862.6138,3688392.919
610,126.313417,33.305642,249862.8043,3688392.906
611,126.313419,33.305642,249862.9904,3688392.869
612,126.313421,33.305641,249863.1772,3688392.816
613,126.313423,33.305641,249863.3591,3688392.765
614,126.313425,33.305641,249863.5466,3688392.715
615,126.313427,33.30564,249863.723,3688392.637
616,126.313429,33.305639,249863.8984,3688392.568
617,126.313431,33.305639,249864.0772,3688392.486
618,126.313432,33.305638,249864.2455,3688392.39
619,126.313434,33.305637,249864.4101,3688392.299
620,126.313436,33.305636,249864.5751,3688392.187
621,126.313438,33.305635,249864.7203,3688392.055
622,126.313439,33.305634,249864.8751,3688391.928
623,126.313441,33.305633,249865.0251,3688391.805
624,126.313442,33.305631,249865.167,3688391.666
625,126.313444,33.30563,249865.2951,3688391.53
626,126.313445,33.305629,249865.4356,3688391.397
627,126.313447,33.305628,249865.5652,3688391.251
628,126.313448,33.305627,249865.6963,3688391.103
629,126.31345,33.305625,249865.8327,3688390.959
630,126.313451,33.305624,249865.9574,3688390.818
631,126.313452,33.305623,249866.0753,3688390.662
632,126.313454,33.305621,249866.1837,3688390.495
633,126.313455,33.30562,249866.2916,3688390.329
634,126.313456,33.305618,249866.3661,3688390.151
635,126.313456,33.305617,249866.4287,3688389.974
636,126.313457,33.305615,249866.4906,3688389.79
637,126.313458,33.305613,249866.5423,3688389.61
638,126.313458,33.305612,249866.5765,3688389.418
639,126.313458,33.30561,249866.5964,3688389.225
640,126.313459,33.305608,249866.6062,3688389.028
641,126.313459,33.305606,249866.6062,3688388.831
642,126.313459,33.305604,249866.595,3688388.634
643,126.313458,33.305603,249866.5806,3688388.44
644,126.313458,33.305601,249866.5751,3688388.242
645,126.313458,33.305599,249866.5582,3688388.055
646,126.313458,33.305597,249866.5501,3688387.858
647,126.313458,33.305596,249866.5368,3688387.667
648,126.313458,33.305594,249866.513,3688387.469
649,126.313458,33.305592,249866.5039,3688387.271
650,126.313458,33.305592,249866.4604,3688387.196
651,126.313458,33.305591,249866.4676,3688387.127
652,126.313457,33.305589,249866.4485,3688386.93
653,126.313457,33.305587,249866.4352,3688386.739
654,126.313457,33.305586,249866.4382,3688386.541
655,126.313458,33.305584,249866.4459,3688386.346
656,126.313458,33.305582,249866.4657,3688386.154
657,126.313459,33.30558,249866.5178,3688385.963
658,126.313459,33.305579,249866.5729,3688385.773
659,126.31346,33.305577,249866.638,3688385.585
660,126.313461,33.305575,249866.7046,3688385.401
661,126.313462,33.305574,249866.8019,3688385.233
662,126.313463,33.305572,249866.9126,3688385.069
663,126.313464,33.305571,249867.033,3688384.92
664,126.313466,33.30557,249867.1672,3688384.774
665,126.313467,33.305569,249867.306,3688384.633
666,126.313469,33.305567,249867.4485,3688384.504
667,126.313471,33.305566,249867.6012,3688384.391
668,126.313472,33.305566,249867.7623,3688384.292
669,126.313474,33.305565,249867.9332,3688384.199
670,126.313476,33.305564,249868.1062,3688384.129
671,126.313478,33.305564,249868.2916,3688384.086
672,126.31348,33.305563,249868.4765,3688384.029
673,126.313482,33.305563,249868.6619,3688383.991
674,126.313484,33.305563,249868.8511,3688383.972
675,126.313486,33.305563,249869.0454,3688383.967
676,126.313488,33.305563,249869.2417,3688383.962
677,126.31349,33.305563,249869.4387,3688383.956
678,126.313493,33.305563,249869.6358,3688383.989
679,126.313494,33.305564,249869.8227,3688384.058
680,126.313496,33.305565,249869.9977,3688384.132
681,126.313498,33.305566,249870.167,3688384.223
682,126.3135,33.305566,249870.3398,3688384.304
683,126.313502,33.305567,249870.5152,3688384.387
684,126.313504,33.305568,249870.6928,3688384.471
685,126.313506,33.305569,249870.8704,3688384.546
686,126.313508,33.305569,249871.0499,3688384.618
687,126.313509,33.30557,249871.2317,3688384.691
688,126.313511,33.305571,249871.412,3688384.767
689,126.313513,33.305571,249871.5968,3688384.803
690,126.313515,33.305572,249871.7715,3688384.873
691,126.313517,33.305572,249871.9632,3688384.923
692,126.313519,33.305573,249872.1451,3688384.97
693,126.313521,33.305573,249872.3346,3688385.029
694,126.313523,33.305574,249872.518,3688385.065
695,126.313525,33.305574,249872.6989,3688385.109
696,126.313527,33.305575,249872.8825,3688385.155
697,126.313529,33.305575,249873.0764,3688385.193
698,126.313531,33.305575,249873.2566,3688385.245
699,126.313533,33.305576,249873.443,3688385.289
700,126.313535,33.305576,249873.6379,3688385.328
701,126.313537,33.305577,249873.8318,3688385.363
702,126.313539,33.305577,249874.0136,3688385.397
703,126.313541,33.305577,249874.1981,3688385.423
704,126.313543,33.305578,249874.3873,3688385.446
705,126.313545,33.305578,249874.5854,3688385.467
706,126.313547,33.305578,249874.7729,3688385.499
707,126.313549,33.305578,249874.9634,3688385.528
708,126.313551,33.305579,249875.1568,3688385.55
709,126.313553,33.305579,249875.3545,3688385.572
710,126.313556,33.305579,249875.5484,3688385.575
711,126.313558,33.305579,249875.7394,3688385.575
712,126.31356,33.305579,249875.937,3688385.583
713,126.313562,33.305579,249876.1311,3688385.592
714,126.313564,33.305579,249876.3149,3688385.592
715,126.313566,33.305579,249876.5082,3688385.582
716,126.313568,33.305579,249876.7024,3688385.562
717,126.31357,33.305579,249876.8998,3688385.541
718,126.313572,33.305579,249877.0963,3688385.521
719,126.313574,33.305579,249877.292,3688385.5
720,126.313576,33.305579,249877.4781,3688385.48
721,126.313578,33.305579,249877.6648,3688385.465
722,126.31358,33.305578,249877.8545,3688385.456
723,126.313582,33.305578,249878.0505,3688385.436
724,126.313585,33.305578,249878.2483,3688385.431
725,126.313587,33.305578,249878.4479,3688385.426
726,126.313589,33.305578,249878.6349,3688385.41
727,126.313591,33.305578,249878.818,3688385.398
728,126.313593,33.305578,249879.0156,3688385.393
729,126.313595,33.305578,249879.2091,3688385.388
730,126.313597,33.305578,249879.3978,3688385.383
731,126.313599,33.305578,249879.5875,3688385.378
732,126.313601,33.305578,249879.7834,3688385.373
733,126.313603,33.305578,249879.9726,3688385.361
734,126.313605,33.305578,249880.169,3688385.341
735,126.313607,33.305578,249880.3612,3688385.321
736,126.313609,33.305578,249880.5548,3688385.316
737,126.313611,33.305578,249880.7447,3688385.286
738,126.313613,33.305577,249880.9276,3688385.253
739,126.313615,33.305577,249881.122,3688385.21
740,126.313617,33.305577,249881.3106,3688385.16
741,126.31362,33.305576,249881.5046,3688385.12
742,126.313622,33.305576,249881.6945,3688385.066
743,126.313624,33.305575,249881.8855,3688385.016
744,126.313626,33.305575,249882.0772,3688384.962
745,126.313628,33.305575,249882.2547,3688384.914
746,126.31363,33.305574,249882.4388,3688384.87
747,126.313632,33.305574,249882.631,3688384.83
748,126.313634,33.305573,249882.814,3688384.763
749,126.313636,33.305573,249882.999,3688384.709
750,126.313638,33.305572,249883.1819,3688384.649
751,126.31364,33.305572,249883.3576,3688384.586
752,126.313642,33.305571,249883.544,3688384.517
753,126.313644,33.305571,249883.724,3688384.449
754,126.313645,33.30557,249883.8981,3688384.37
755,126.313647,33.305569,249884.0741,3688384.294
756,126.313649,33.305569,249884.2492,3688384.234
757,126.313651,33.305569,249884.435,3688384.181
758,126.313653,33.305568,249884.6137,3688384.126
759,126.313655,33.305567,249884.7893,3688384.051
760,126.313657,33.305567,249884.9707,3688383.982
761,126.313659,33.305566,249885.1478,3688383.914
762,126.313661,33.305566,249885.3265,3688383.846
763,126.313663,33.305565,249885.5071,3688383.789
764,126.313665,33.305565,249885.6987,3688383.745
765,126.313667,33.305564,249885.8873,3688383.694
766,126.313669,33.305564,249886.0801,3688383.657
767,126.313671,33.305564,249886.2782,3688383.652
768,126.313673,33.305564,249886.4738,3688383.664
769,126.313675,33.305564,249886.6691,3688383.675
770,126.313677,33.305565,249886.8628,3688383.718
771,126.313679,33.305565,249887.0505,3688383.769
772,126.313681,33.305566,249887.2382,3688383.816
773,126.313683,33.305566,249887.4281,3688383.863
774,126.313685,33.305567,249887.6113,3688383.906
775,126.313687,33.305567,249887.8051,3688383.949
776,126.313689,33.305568,249887.9911,3688383.988
777,126.313691,33.305568,249888.1814,3688384.028
778,126.313694,33.305568,249888.37,3688384.071
779,126.313696,33.305569,249888.5583,3688384.112
780,126.313697,33.305569,249888.7432,3688384.151
781,126.313699,33.30557,249888.9254,3688384.19
782,126.313702,33.30557,249889.1206,3688384.231
783,126.313704,33.30557,249889.3099,3688384.256
784,126.313706,33.305571,249889.5,3688384.298
785,126.313708,33.305571,249889.6908,3688384.315
786,126.31371,33.305571,249889.881,3688384.339
787,126.313712,33.305572,249890.0694,3688384.376
788,126.313714,33.305572,249890.2658,3688384.402
789,126.313716,33.305572,249890.4544,3688384.442
790,126.313718,33.305573,249890.6475,3688384.485
791,126.31372,33.305573,249890.8353,3688384.526
792,126.313722,33.305573,249891.02,3688384.559
793,126.313724,33.305574,249891.2135,3688384.585
794,126.313726,33.305574,249891.4035,3688384.608
795,126.313728,33.305574,249891.5969,3688384.651
796,126.31373,33.305575,249891.784,3688384.68
797,126.313732,33.305575,249891.9715,3688384.697
798,126.313734,33.305575,249892.1593,3688384.707
799,126.313736,33.305575,249892.3523,3688384.717
800,126.313738,33.305575,249892.5463,3688384.727
801,126.31374,33.305575,249892.746,3688384.725
802,126.313742,33.305575,249892.9436,3688384.712
803,126.313744,33.305575,249893.1306,3688384.684
804,126.313746,33.305575,249893.3228,3688384.651
805,126.313749,33.305575,249893.515,3688384.63
806,126.313751,33.305574,249893.7078,3688384.594
807,126.313753,33.305574,249893.891,3688384.562
808,126.313755,33.305574,249894.0735,3688384.528
809,126.313757,33.305573,249894.2646,3688384.482
810,126.313759,33.305573,249894.4476,3688384.419
811,126.313761,33.305573,249894.6396,3688384.365
812,126.313763,33.305572,249894.8242,3688384.297
813,126.313765,33.305571,249894.997,3688384.211
814,126.313766,33.305571,249895.166,3688384.127
815,126.313768,33.30557,249895.3388,3688384.044
816,126.31377,33.305569,249895.5121,3688383.95
817,126.313772,33.305568,249895.6912,3688383.862
818,126.313774,33.305567,249895.8655,3688383.774
819,126.313776,33.305567,249896.0399,3688383.691
820,126.313778,33.305566,249896.2067,3688383.608
821,126.31378,33.305565,249896.3736,3688383.51
822,126.313781,33.305564,249896.5427,3688383.411
823,126.313783,33.305564,249896.7166,3688383.33
824,126.313785,33.305563,249896.8885,3688383.237
825,126.313787,33.305562,249897.055,3688383.154
826,126.313789,33.305561,249897.2264,3688383.067
827,126.313791,33.30556,249897.3857,3688382.956
828,126.313792,33.30556,249897.5521,3688382.866
829,126.313794,33.305559,249897.7188,3688382.777
830,126.313796,33.305558,249897.8851,3688382.683
831,126.313798,33.305557,249898.0621,3688382.591
832,126.3138,33.305557,249898.2442,3688382.511
833,126.313802,33.305556,249898.4232,3688382.443
834,126.313804,33.305556,249898.6133,3688382.389
835,126.313806,33.305555,249898.797,3688382.316
836,126.313808,33.305555,249898.9815,3688382.278
837,126.31381,33.305554,249899.1698,3688382.216
838,126.313812,33.305554,249899.3551,3688382.187
839,126.313814,33.305554,249899.5443,3688382.172
840,126.313816,33.305554,249899.7378,3688382.137
841,126.313818,33.305554,249899.9354,3688382.116
842,126.31382,33.305554,249900.1236,3688382.111
843,126.313822,33.305554,249900.3206,3688382.118
844,126.313824,33.305554,249900.5197,3688382.128
845,126.313827,33.305554,249900.7172,3688382.139
846,126.313829,33.305554,249900.9073,3688382.149
847,126.313831,33.305554,249901.1056,3688382.159
848,126.313833,33.305554,249901.2935,3688382.185
849,126.313835,33.305555,249901.4869,3688382.215
850,126.313837,33.305555,249901.6767,3688382.257
851,126.313839,33.305556,249901.8659,3688382.304
852,126.313841,33.305556,249902.0548,3688382.35
853,126.313843,33.305557,249902.2437,3688382.406
854,126.313845,33.305557,249902.433,3688382.47
855,126.313847,33.305558,249902.6135,3688382.534
856,126.313849,33.305559,249902.7971,3688382.606
857,126.313851,33.305559,249902.975,3688382.677
858,126.313853,33.30556,249903.1583,3688382.736
859,126.313855,33.30556,249903.3481,3688382.795
860,126.313856,33.305561,249903.5208,3688382.856
861,126.313858,33.305562,249903.7006,3688382.922
862,126.31386,33.305562,249903.8902,3688382.977
863,126.313862,33.305563,249904.0649,3688383.046
864,126.313864,33.305563,249904.2414,3688383.105
865,126.313866,33.305564,249904.4225,3688383.172
866,126.313868,33.305565,249904.6032,3688383.247
867,126.31387,33.305565,249904.7829,3688383.315
868,126.313872,33.305566,249904.9722,3688383.374
869,126.313874,33.305566,249905.1582,3688383.417
870,126.313876,33.305567,249905.3375,3688383.47
871,126.313878,33.305567,249905.5177,3688383.524
872,126.31388,33.305568,249905.6998,3688383.566
873,126.313882,33.305568,249905.888,3688383.593
874,126.313884,33.305569,249906.0735,3688383.657
875,126.313886,33.305569,249906.2587,3688383.725
876,126.313888,33.30557,249906.4449,3688383.784
877,126.31389,33.30557,249906.6398,3688383.827
878,126.313892,33.305571,249906.8325,3688383.87
879,126.313894,33.305571,249907.0177,3688383.925
880,126.313896,33.305572,249907.2019,3688383.993
881,126.313897,33.305573,249907.3741,3688384.06
882,126.313899,33.305573,249907.5546,3688384.135
883,126.313901,33.305574,249907.7324,3688384.213
884,126.313903,33.305575,249907.896,3688384.292
885,126.313905,33.305576,249908.0596,3688384.378
886,126.313907,33.305577,249908.2315,3688384.475
887,126.313908,33.305577,249908.3998,3688384.557
888,126.31391,33.305578,249908.5625,3688384.653
889,126.313912,33.305579,249908.7248,3688384.768
890,126.313913,33.305581,249908.8817,3688384.886
891,126.313915,33.305582,249909.0352,3688385.013
892,126.313917,33.305583,249909.1922,3688385.118
893,126.313918,33.305584,249909.3381,3688385.249
894,126.31392,33.305585,249909.475,3688385.389
895,126.313921,33.305586,249909.6122,3688385.528
896,126.313922,33.305588,249909.745,3688385.664
897,126.313924,33.305589,249909.8787,3688385.801
898,126.313925,33.30559,249910.0002,3688385.957
899,126.313926,33.305592,249910.1113,3688386.109
900,126.313927,33.305593,249910.2249,3688386.272
901,126.313929,33.305595,249910.3607,3688386.417
902,126.31393,33.305596,249910.4995,3688386.559
903,126.313931,33.305597,249910.6064,3688386.719
904,126.313932,33.305599,249910.7118,3688386.888
905,126.313933,33.305601,249910.8004,3688387.053
906,126.313934,33.305602,249910.8812,3688387.215
907,126.313935,33.305604,249910.9634,3688387.389
908,126.313936,33.305605,249911.0285,3688387.567
909,126.313936,33.305607,249911.0886,3688387.746
910,126.313937,33.305609,249911.1462,3688387.934
911,126.313937,33.30561,249911.1853,3688388.123
912,126.313938,33.305612,249911.2238,3688388.309
913,126.313938,33.305614,249911.2598,3688388.498
914,126.313938,33.305615,249911.288,3688388.691
915,126.313938,33.305617,249911.2945,3688388.88
916,126.313938,33.305619,249911.2995,3688389.073
917,126.313938,33.305621,249911.306,3688389.266
918,126.313938,33.305622,249911.3229,3688389.463
919,126.313938,33.305624,249911.3218,3688389.658
920,126.313938,33.305626,249911.3195,3688389.847
921,126.313938,33.305628,249911.3244,3688390.04
922,126.313938,33.305629,249911.348,3688390.222
923,126.313939,33.305631,249911.3752,3688390.415
924,126.313939,33.305633,249911.402,3688390.604
925,126.313939,33.305634,249911.4175,3688390.794
926,126.313939,33.305636,249911.4384,3688390.975
927,126.313939,33.305638,249911.4653,3688391.168
928,126.31394,33.305639,249911.4932,3688391.358
929,126.31394,33.305641,249911.5196,3688391.547
930,126.31394,33.305643,249911.5432,3688391.744
931,126.31394,33.305645,249911.561,3688391.942
932,126.313941,33.305646,249911.5991,3688392.126
933,126.313941,33.305648,249911.6306,3688392.321
934,126.313941,33.30565,249911.6565,3688392.509
935,126.313941,33.305652,249911.6838,3688392.706
936,126.313942,33.305653,249911.7097,3688392.894
937,126.313942,33.305655,249911.7319,3688393.077
938,126.313942,33.305657,249911.748,3688393.273
939,126.313942,33.305658,249911.773,3688393.456
940,126.313942,33.30566,249911.8001,3688393.641
941,126.313943,33.305662,249911.8306,3688393.832
942,126.313943,33.305663,249911.8816,3688394.015
943,126.313943,33.305665,249911.9139,3688394.201
944,126.313944,33.305667,249911.9379,3688394.388
945,126.313944,33.305669,249911.9652,3688394.586
946,126.313944,33.30567,249912.003,3688394.782
947,126.313944,33.305672,249912.0413,3688394.973
948,126.313945,33.305674,249912.079,3688395.166
949,126.313945,33.305676,249912.117,3688395.35
950,126.313946,33.305677,249912.1591,3688395.545
951,126.313946,33.305679,249912.2058,3688395.733
952,126.313947,33.305681,249912.2571,3688395.926
953,126.313947,33.305683,249912.2896,3688396.121
954,126.313947,33.305684,249912.3219,3688396.316
955,126.313948,33.305686,249912.3662,3688396.509
956,126.313948,33.305688,249912.4119,3688396.702
957,126.313948,33.30569,249912.458,3688396.896
958,126.313949,33.305691,249912.4994,3688397.076
959,126.313949,33.305693,249912.5425,3688397.269
960,126.31395,33.305695,249912.5876,3688397.46
961,126.31395,33.305696,249912.6296,3688397.65
962,126.313951,33.305698,249912.6812,3688397.831
963,126.313951,33.3057,249912.7286,3688398.012
964,126.313951,33.305701,249912.7649,3688398.204
965,126.313952,33.305703,249912.7836,3688398.402
966,126.313952,33.305705,249912.8296,3688398.596
967,126.313952,33.305707,249912.8702,3688398.779
968,126.313953,33.305708,249912.9116,3688398.959
969,126.313953,33.30571,249912.9493,3688399.139
970,126.313953,33.305712,249912.9789,3688399.33
971,126.313954,33.305713,249913.0088,3688399.522
972,126.313954,33.305715,249913.0389,3688399.705
973,126.313954,33.305717,249913.0706,3688399.895
974,126.313954,33.305718,249913.1021,3688400.085
975,126.313955,33.30572,249913.1339,3688400.276
976,126.313955,33.305722,249913.1647,3688400.463
977,126.313955,33.305724,249913.1948,3688400.657
978,126.313956,33.305725,249913.2256,3688400.843
979,126.313956,33.305727,249913.2551,3688401.029
980,126.313956,33.305729,249913.2895,3688401.218
981,126.313957,33.30573,249913.3304,3688401.411
982,126.313957,33.305732,249913.3636,3688401.605
983,126.313957,33.305734,249913.4255,3688401.791
984,126.313958,33.305736,249913.4836,3688401.979
985,126.313959,33.305737,249913.5323,3688402.171
986,126.313959,33.305739,249913.5856,3688402.361
987,126.31396,33.305741,249913.6377,3688402.55
988,126.31396,33.305742,249913.6868,3688402.736
989,126.313961,33.305744,249913.7486,3688402.917
990,126.313961,33.305746,249913.8195,3688403.104
991,126.313962,33.305747,249913.9043,3688403.278
992,126.313963,33.305749,249913.9852,3688403.454
993,126.313964,33.305751,249914.07,3688403.633
994,126.313965,33.305752,249914.1605,3688403.806
995,126.313966,33.305754,249914.2591,3688403.979
996,126.313967,33.305755,249914.3557,3688404.147
997,126.313968,33.305757,249914.4605,3688404.309
998,126.313969,33.305758,249914.5707,3688404.463
999,126.31397,33.30576,249914.6848,3688404.612
1000,126.313971,33.305761,249914.8092,3688404.768
1001,126.313973,33.305762,249914.9252,3688404.919
1002,126.313974,33.305764,249915.0328,3688405.085
1003,126.313975,33.305765,249915.1466,3688405.246
1004,126.313976,33.305767,249915.2524,3688405.407
1005,126.313977,33.305768,249915.3635,3688405.569
1006,126.313978,33.30577,249915.4742,3688405.725
1007,126.31398,33.305771,249915.5898,3688405.882
1008,126.313981,33.305773,249915.7091,3688406.036
1009,126.313982,33.305774,249915.8139,3688406.198
1010,126.313983,33.305776,249915.9221,3688406.365
1011,126.313984,33.305777,249916.033,3688406.514
1012,126.313985,33.305778,249916.1472,3688406.663
1013,126.313986,33.30578,249916.2613,3688406.827
1014,126.313988,33.305782,249916.3598,3688407
1015,126.313989,33.305783,249916.4694,3688407.154
1016,126.31399,33.305784,249916.5857,3688407.315
1017,126.313991,33.305786,249916.7019,3688407.477
1018,126.313992,33.305787,249916.8125,3688407.633
1019,126.313993,33.305789,249916.928,3688407.785
1020,126.313995,33.30579,249917.0553,3688407.932
1021,126.313996,33.305792,249917.1791,3688408.087
1022,126.313997,33.305793,249917.3074,3688408.232
1023,126.313999,33.305794,249917.4363,3688408.378
1024,126.314,33.305796,249917.5688,3688408.528
1025,126.314001,33.305797,249917.6949,3688408.664
1026,126.314003,33.305798,249917.8321,3688408.804
1027,126.314004,33.305799,249917.97,3688408.945
1028,126.314006,33.305801,249918.1057,3688409.083
1029,126.314007,33.305802,249918.23,3688409.233
1030,126.314008,33.305803,249918.3492,3688409.382
1031,126.314009,33.305805,249918.472,3688409.526
1032,126.314011,33.305806,249918.6117,3688409.669
1033,126.314012,33.305807,249918.752,3688409.799
1034,126.314014,33.305809,249918.8953,3688409.931
1035,126.314015,33.30581,249919.0264,3688410.068
1036,126.314017,33.305811,249919.1495,3688410.212
1037,126.314018,33.305812,249919.2703,3688410.363
1038,126.314019,33.305814,249919.393,3688410.517
1039,126.31402,33.305815,249919.5183,3688410.655
1040,126.314021,33.305817,249919.6241,3688410.808
1041,126.314023,33.305818,249919.7283,3688410.974
1042,126.314024,33.305819,249919.8505,3688411.123
1043,126.314025,33.305821,249919.986,3688411.261
1044,126.314027,33.305822,249920.1107,3688411.416
1045,126.314028,33.305824,249920.2269,3688411.562
1046,126.314029,33.305825,249920.3434,3688411.709
1047,126.31403,33.305826,249920.4689,3688411.86
1048,126.314032,33.305828,249920.598,3688412.012
1049,126.314033,33.305829,249920.718,3688412.164
1050,126.314034,33.30583,249920.8386,3688412.317
1051,126.314035,33.305832,249920.9622,3688412.472
1052,126.314037,33.305833,249921.0936,3688412.62
1053,126.314038,33.305835,249921.2259,3688412.77
1054,126.31404,33.305836,249921.3579,3688412.919
1055,126.314041,33.305837,249921.4957,3688413.053
1056,126.314042,33.305838,249921.6335,3688413.18
1057,126.314044,33.30584,249921.7743,3688413.311
1058,126.314045,33.305841,249921.9195,3688413.444
1059,126.314047,33.305842,249922.0862,3688413.553
1060,126.314049,33.305843,249922.2451,3688413.671
1061,126.31405,33.305844,249922.4045,3688413.785
1062,126.314052,33.305845,249922.5615,3688413.891
1063,126.314054,33.305846,249922.7189,3688413.993
1064,126.314056,33.305847,249922.8894,3688414.097
1065,126.314057,33.305848,249923.0567,3688414.191
1066,126.314059,33.305849,249923.2223,3688414.29
1067,126.314061,33.30585,249923.3902,3688414.387
1068,126.314063,33.305851,249923.5588,3688414.485
1069,126.314064,33.305852,249923.7237,3688414.581
1070,126.314066,33.305852,249923.8991,3688414.672
1071,126.314068,33.305853,249924.073,3688414.762
1072,126.31407,33.305854,249924.2441,3688414.857
1073,126.314072,33.305855,249924.4197,3688414.949
1074,126.314074,33.305856,249924.5958,3688415.04
1075,126.314075,33.305857,249924.7624,3688415.124
1076,126.314077,33.305857,249924.9403,3688415.21
1077,126.314079,33.305858,249925.117,3688415.301
1078,126.314081,33.305859,249925.291,3688415.391
1079,126.314083,33.30586,249925.4585,3688415.478
1080,126.314085,33.305861,249925.6263,3688415.569
1081,126.314086,33.305862,249925.8007,3688415.659
1082,126.314088,33.305862,249925.9747,3688415.741
1083,126.31409,33.305863,249926.1506,3688415.815
1084,126.314092,33.305864,249926.3267,3688415.885
1085,126.314094,33.305865,249926.501,3688415.961
1086,126.314096,33.305865,249926.6824,3688416.021
1087,126.314098,33.305866,249926.8742,3688416.07
1088,126.3141,33.305866,249927.0631,3688416.13
1089,126.314102,33.305867,249927.2525,3688416.189
1090,126.314104,33.305867,249927.4388,3688416.229
1091,126.314106,33.305868,249927.6182,3688416.28
1092,126.314108,33.305868,249927.806,3688416.33
1093,126.31411,33.305869,249927.9993,3688416.373
1094,126.314112,33.305869,249928.1888,3688416.416
1095,126.314114,33.30587,249928.3781,3688416.475
1096,126.314116,33.30587,249928.5641,3688416.517
1097,126.314118,33.305871,249928.7434,3688416.57
1098,126.31412,33.305871,249928.925,3688416.614
1099,126.314122,33.305872,249929.1115,3688416.66
1100,126.314124,33.305872,249929.3016,3688416.717
1101,126.314126,33.305872,249929.4964,3688416.759
1102,126.314128,33.305873,249929.6781,3688416.815
1103,126.31413,33.305873,249929.8636,3688416.858
1104,126.314132,33.305874,249930.048,3688416.897
1105,126.314134,33.305874,249930.2335,3688416.937
1106,126.314136,33.305875,249930.421,3688416.981
1107,126.314138,33.305875,249930.6072,3688417.039
1108,126.31414,33.305876,249930.7904,3688417.096
1109,126.314142,33.305876,249930.9799,3688417.144
1110,126.314144,33.305877,249931.1748,3688417.186
1111,126.314146,33.305877,249931.361,3688417.226
1112,126.314148,33.305878,249931.5553,3688417.267
1113,126.31415,33.305878,249931.7477,3688417.311
1114,126.314152,33.305878,249931.9411,3688417.352
1115,126.314154,33.305879,249932.1352,3688417.395
1116,126.314156,33.305879,249932.3153,3688417.443
1117,126.314158,33.30588,249932.4977,3688417.492
1118,126.31416,33.30588,249932.6911,3688417.539
1119,126.314162,33.305881,249932.8803,3688417.598
1120,126.314164,33.305881,249933.0633,3688417.66
1121,126.314166,33.305882,249933.2411,3688417.712
1122,126.314168,33.305882,249933.4197,3688417.768
1123,126.31417,33.305883,249933.6119,3688417.821
1124,126.314172,33.305883,249933.8019,3688417.866
1125,126.314174,33.305884,249933.9915,3688417.921
1126,126.314176,33.305884,249934.1775,3688417.963
1127,126.314178,33.305885,249934.367,3688418.004
1128,126.31418,33.305885,249934.5451,3688418.06
1129,126.314181,33.305886,249934.7236,3688418.124
1130,126.314183,33.305887,249934.9105,3688418.177
1131,126.314185,33.305887,249935.0983,3688418.217
1132,126.314187,33.305887,249935.2795,3688418.258
1133,126.314189,33.305888,249935.4677,3688418.301
1134,126.314191,33.305888,249935.6613,3688418.336
1135,126.314193,33.305888,249935.8463,3688418.361
1136,126.314196,33.305889,249936.0419,3688418.386
1137,126.314198,33.305889,249936.2401,3688418.381
1138,126.3142,33.305889,249936.4385,3688418.391
1139,126.314202,33.305889,249936.6222,3688418.378
1140,126.314204,33.305889,249936.8114,3688418.366
1141,126.314206,33.305889,249936.9988,3688418.361
1142,126.314208,33.305889,249937.1984,3688418.356
1143,126.31421,33.305889,249937.3962,3688418.351
1144,126.314212,33.305889,249937.586,3688418.346
1145,126.314214,33.305889,249937.7748,3688418.341
1146,126.314216,33.305889,249937.9597,3688418.331
1147,126.314218,33.305888,249938.1539,3688418.309
1148,126.31422,33.305888,249938.3417,3688418.274
1149,126.314222,33.305888,249938.5358,3688418.252
1150,126.314224,33.305888,249938.7276,3688418.231
1151,126.314226,33.305888,249938.9206,3688418.202
1152,126.314228,33.305887,249939.105,3688418.172
1153,126.314231,33.305887,249939.2992,3688418.15
1154,126.314233,33.305887,249939.487,3688418.115
1155,126.314235,33.305887,249939.6829,3688418.092
1156,126.314237,33.305887,249939.8668,3688418.072
1157,126.314239,33.305887,249940.0497,3688418.053
1158,126.314241,33.305886,249940.2365,3688418.03
1159,126.314243,33.305886,249940.4284,3688417.995
1160,126.314245,33.305886,249940.6216,3688417.974
1161,126.314247,33.305886,249940.8114,3688417.942
1162,126.314249,33.305886,249940.9946,3688417.917
1163,126.314251,33.305885,249941.1832,3688417.892
1164,126.314253,33.305885,249941.3793,3688417.859
1165,126.314255,33.305885,249941.5767,3688417.838
1166,126.314257,33.305885,249941.7706,3688417.804
1167,126.314259,33.305884,249941.9549,3688417.77
1168,126.314261,33.305884,249942.1379,3688417.736
1169,126.314263,33.305884,249942.3276,3688417.7
1170,126.314265,33.305884,249942.5204,3688417.665
1171,126.314267,33.305884,249942.7126,3688417.644
1172,126.314269,33.305883,249942.9048,3688417.61
1173,126.314272,33.305883,249943.099,3688417.564
1174,126.314273,33.305883,249943.2818,3688417.521
1175,126.314276,33.305882,249943.4714,3688417.483
1176,126.314278,33.305882,249943.6638,3688417.432
1177,126.31428,33.305882,249943.8556,3688417.396
1178,126.314282,33.305881,249944.0422,3688417.362
1179,126.314284,33.305881,249944.2246,3688417.321
1180,126.314286,33.305881,249944.4108,3688417.271
1181,126.314288,33.30588,249944.6014,3688417.221
1182,126.31429,33.30588,249944.7971,3688417.18
1183,126.314292,33.305879,249944.9872,3688417.137
1184,126.314294,33.305879,249945.1781,3688417.095
1185,126.314296,33.305879,249945.3726,3688417.067
1186,126.314298,33.305878,249945.5594,3688417.011
1187,126.3143,33.305878,249945.7497,3688416.974
1188,126.314302,33.305878,249945.942,3688416.938
1189,126.314304,33.305878,249946.1261,3688416.894
1190,126.314306,33.305877,249946.3188,3688416.845
1191,126.314308,33.305877,249946.5088,3688416.799
1192,126.31431,33.305876,249946.6939,3688416.734
1193,126.314312,33.305876,249946.8832,3688416.682
1194,126.314314,33.305875,249947.0584,3688416.625
1195,126.314316,33.305875,249947.2465,3688416.558
1196,126.314318,33.305874,249947.4284,3688416.49
1197,126.31432,33.305874,249947.6044,3688416.415
1198,126.314322,33.305873,249947.7949,3688416.36
1199,126.314324,33.305872,249947.9613,3688416.269
1200,126.314326,33.305872,249948.1356,3688416.193
1201,126.314328,33.305871,249948.3046,3688416.124
1202,126.31433,33.30587,249948.4868,3688416.046
1203,126.314332,33.30587,249948.662,3688415.974
1204,126.314334,33.305869,249948.8363,3688415.905
1205,126.314335,33.305869,249949.0146,3688415.85
1206,126.314337,33.305868,249949.1859,3688415.79
1207,126.314339,33.305868,249949.3494,3688415.717
1208,126.314341,33.305867,249949.5247,3688415.637
1209,126.314343,33.305866,249949.699,3688415.555
1210,126.314345,33.305866,249949.8689,3688415.472
1211,126.314347,33.305865,249950.0401,3688415.388
1212,126.314348,33.305864,249950.2136,3688415.305
1213,126.31435,33.305863,249950.3772,3688415.219
1214,126.314352,33.305863,249950.5464,3688415.127
1215,126.314354,33.305862,249950.7219,3688415.032
1216,126.314356,33.305861,249950.8938,3688414.939
1217,126.314358,33.30586,249951.0542,3688414.85
1218,126.314359,33.305859,249951.2202,3688414.752
1219,126.314361,33.305859,249951.3864,3688414.648
1220,126.314363,33.305858,249951.5486,3688414.553
1221,126.314365,33.305857,249951.7171,3688414.453
1222,126.314367,33.305856,249951.8833,3688414.36
1223,126.314369,33.305855,249952.0591,3688414.271
1224,126.31437,33.305855,249952.2255,3688414.18
1225,126.314372,33.305854,249952.3844,3688414.084
1226,126.314374,33.305853,249952.5484,3688413.98
1227,126.314376,33.305852,249952.713,3688413.876
1228,126.314377,33.305851,249952.8707,3688413.764
1229,126.314379,33.30585,249953.0302,3688413.654
1230,126.314381,33.305849,249953.1894,3688413.544
1231,126.314383,33.305848,249953.3399,3688413.423
1232,126.314384,33.305847,249953.4879,3688413.297
1233,126.314386,33.305846,249953.643,3688413.177
1234,126.314388,33.305845,249953.8106,3688413.071
1235,126.314389,33.305844,249953.9683,3688412.959
1236,126.314391,33.305843,249954.1215,3688412.841
1237,126.314393,33.305842,249954.271,3688412.721
1238,126.314394,33.305841,249954.4215,3688412.599
1239,126.314396,33.30584,249954.5626,3688412.485
1240,126.314398,33.305839,249954.7095,3688412.369
1241,126.314399,33.305838,249954.86,3688412.255
1242,126.314401,33.305837,249955.0112,3688412.132
1243,126.314402,33.305836,249955.158,3688412.012
1244,126.314404,33.305835,249955.3083,3688411.901
1245,126.314406,33.305834,249955.4556,3688411.789
1246,126.314407,33.305833,249955.6129,3688411.665
1247,126.314409,33.305832,249955.749,3688411.55
1248,126.31441,33.305831,249955.8918,3688411.426
1249,126.314412,33.305829,249956.0329,3688411.296
1250,126.314414,33.305828,249956.1757,3688411.16
1251,126.314415,33.305827,249956.3175,3688411.02
1252,126.314417,33.305826,249956.4533,3688410.879
1253,126.314418,33.305824,249956.5844,3688410.733
1254,126.31442,33.305823,249956.7174,3688410.584
1255,126.314421,33.305822,249956.8529,3688410.442
1256,126.314422,33.305821,249956.9821,3688410.305
1257,126.314424,33.305819,249957.1184,3688410.162
1258,126.314425,33.305818,249957.251,3688410.023
1259,126.314427,33.305817,249957.3865,3688409.881
1260,126.314428,33.305816,249957.5194,3688409.732
1261,126.31443,33.305814,249957.6504,3688409.582
1262,126.314431,33.305813,249957.7799,3688409.433
1263,126.314433,33.305812,249957.9068,3688409.287
1264,126.314434,33.30581,249958.0307,3688409.138
1265,126.314435,33.305809,249958.1468,3688408.99
1266,126.314437,33.305808,249958.2634,3688408.83
1267,126.314438,33.305806,249958.3848,3688408.674
1268,126.314439,33.305805,249958.5045,3688408.524
1269,126.314441,33.305804,249958.6281,3688408.368
1270,126.314442,33.305802,249958.7379,3688408.203
1271,126.314443,33.305801,249958.846,3688408.039
1272,126.314444,33.305799,249958.9558,3688407.874
1273,126.314446,33.305798,249959.0614,3688407.714
1274,126.314447,33.305796,249959.1556,3688407.541
1275,126.314448,33.305795,249959.2529,3688407.379
1276,126.314449,33.305793,249959.3563,3688407.22
1277,126.31445,33.305792,249959.4584,3688407.048
1278,126.314451,33.305791,249959.5574,3688406.885
1279,126.314452,33.305789,249959.6531,3688406.723
1280,126.314453,33.305788,249959.7475,3688406.551
1281,126.314454,33.305786,249959.8401,3688406.376
1282,126.314455,33.305784,249959.925,3688406.207
1283,126.314456,33.305783,249960.0078,3688406.036
1284,126.314457,33.305781,249960.0912,3688405.864
1285,126.314458,33.30578,249960.1824,3688405.7
1286,126.314459,33.305778,249960.2869,3688405.532
1287,126.31446,33.305777,249960.3855,3688405.373
1288,126.314461,33.305776,249960.4869,3688405.207
1289,126.314463,33.305774,249960.5926,3688405.048
1290,126.314464,33.305773,249960.6881,3688404.89
1291,126.314465,33.305771,249960.7892,3688404.722
1292,126.314466,33.30577,249960.8929,3688404.551
1293,126.314467,33.305768,249960.9848,3688404.376
1294,126.314468,33.305767,249961.0798,3688404.201
1295,126.314469,33.305765,249961.1725,3688404.029
1296,126.31447,33.305764,249961.2637,3688403.856
1297,126.314471,33.305762,249961.3592,3688403.682
1298,126.314472,33.305761,249961.4463,3688403.523
1299,126.314473,33.305759,249961.5385,3688403.353
1300,126.314474,33.305758,249961.6288,3688403.182
1301,126.314475,33.305756,249961.709,3688403.019
1302,126.314476,33.305755,249961.7984,3688402.843
1303,126.314477,33.305753,249961.8938,3688402.669
1304,126.314478,33.305752,249961.9874,3688402.498
1305,126.314479,33.30575,249962.0713,3688402.33
1306,126.31448,33.305749,249962.1484,3688402.159
1307,126.314481,33.305747,249962.2215,3688401.985
1308,126.314482,33.305745,249962.2825,3688401.811
1309,126.314482,33.305744,249962.3492,3688401.626
1310,126.314483,33.305742,249962.4258,3688401.445
1311,126.314484,33.305741,249962.494,3688401.27
1312,126.314485,33.305739,249962.5613,3688401.089
1313,126.314486,33.305737,249962.6265,3688400.907
1314,126.314486,33.305736,249962.6927,3688400.722
1315,126.314487,33.305734,249962.7534,3688400.541
1316,126.314488,33.305732,249962.8155,3688400.353
1317,126.314489,33.305731,249962.8779,3688400.164
1318,126.314489,33.305729,249962.9312,3688399.983
1319,126.31449,33.305727,249962.9833,3688399.795
1320,126.31449,33.305726,249963.0428,3688399.611
1321,126.314491,33.305724,249963.1192,3688399.429
1322,126.314492,33.305722,249963.1713,3688399.238
1323,126.314493,33.305721,249963.2226,3688399.049
1324,126.314493,33.305719,249963.2747,3688398.857
1325,126.314494,33.305717,249963.3248,3688398.673
1326,126.314494,33.305716,249963.384,3688398.49
1327,126.314495,33.305714,249963.4362,3688398.309
1328,126.314496,33.305712,249963.4807,3688398.12
1329,126.314496,33.305711,249963.5308,3688397.936
1330,126.314497,33.305709,249963.5746,3688397.745
1331,126.314497,33.305707,249963.6186,3688397.552
1332,126.314498,33.305706,249963.6669,3688397.36
1333,126.314498,33.305704,249963.7082,3688397.169
1334,126.314499,33.305702,249963.7539,3688396.974
1335,126.314499,33.3057,249963.8019,3688396.78
1336,126.3145,33.305699,249963.8411,3688396.596
1337,126.3145,33.305697,249963.8702,3688396.407
1338,126.314501,33.305695,249963.8948,3688396.221
1339,126.314501,33.305694,249963.9227,3688396.024
1340,126.314501,33.305692,249963.9519,3688395.83
1341,126.314502,33.30569,249963.9806,3688395.637
1342,126.314502,33.305688,249964.0076,3688395.446
1343,126.314502,33.305687,249964.0472,3688395.255
1344,126.314503,33.305685,249964.0809,3688395.068
1345,126.314503,33.305683,249964.1087,3688394.876
1346,126.314503,33.305682,249964.1286,3688394.683
1347,126.314504,33.30568,249964.1627,3688394.49
1348,126.314504,33.305678,249964.1879,3688394.296
1349,126.314505,33.305676,249964.2149,3688394.111
1350,126.314505,33.305675,249964.2431,3688393.924
1351,126.314505,33.305673,249964.2657,3688393.735
1352,126.314506,33.305671,249964.2939,3688393.551
1353,126.314506,33.30567,249964.3148,3688393.36
1354,126.314506,33.305668,249964.3283,3688393.168
1355,126.314506,33.305666,249964.3343,3688392.969
1356,126.314506,33.305664,249964.3192,3688392.775
1357,126.314506,33.305663,249964.303,3688392.576
1358,126.314506,33.305661,249964.2885,3688392.382
1359,126.314506,33.305659,249964.2835,3688392.186
1360,126.314506,33.305657,249964.2702,3688391.993
1361,126.314506,33.305656,249964.2528,3688391.795
1362,126.314505,33.305654,249964.2328,3688391.598
1363,126.314505,33.305652,249964.203,3688391.406
1364,126.314505,33.30565,249964.1848,3688391.215
1365,126.314505,33.305649,249964.1663,3688391.019
1366,126.314505,33.305647,249964.1481,3688390.829
1367,126.314505,33.305645,249964.1347,3688390.632
1368,126.314505,33.305643,249964.1319,3688390.436
1369,126.314505,33.305642,249964.1394,3688390.243
1370,126.314505,33.30564,249964.1353,3688390.052
1371,126.314505,33.305638,249964.1223,3688389.869
1372,126.314505,33.305637,249964.1062,3688389.682
1373,126.314504,33.305635,249964.0892,3688389.485
1374,126.314504,33.305633,249964.0724,3688389.298
1375,126.314504,33.305631,249964.0562,3688389.112
1376,126.314504,33.30563,249964.0338,3688388.915
1377,126.314504,33.305628,249964.0033,3688388.719
1378,126.314504,33.305626,249963.9735,3688388.527
1379,126.314503,33.305624,249963.9554,3688388.336
1380,126.314503,33.305623,249963.9298,3688388.145
1381,126.314503,33.305621,249963.9056,3688387.962
1382,126.314503,33.305619,249963.8869,3688387.765
1383,126.314503,33.305617,249963.8686,3688387.567
1384,126.314502,33.305616,249963.8363,3688387.373
1385,126.314502,33.305614,249963.8076,3688387.19
1386,126.314502,33.305612,249963.7842,3688386.994
1387,126.314502,33.30561,249963.7597,3688386.796
1388,126.314501,33.305609,249963.7298,3688386.607
1389,126.314501,33.305607,249963.6983,3688386.417
1390,126.314501,33.305605,249963.6684,3688386.225
1391,126.314501,33.305604,249963.6383,3688386.041
1392,126.3145,33.305602,249963.6066,3688385.851
1393,126.3145,33.3056,249963.5724,3688385.671
1394,126.3145,33.305599,249963.5318,3688385.487
1395,126.314499,33.305597,249963.4891,3688385.293
1396,126.314499,33.305595,249963.4568,3688385.107
1397,126.314498,33.305593,249963.4062,3688384.916
1398,126.314498,33.305592,249963.348,3688384.727
1399,126.314497,33.30559,249963.294,3688384.547
1400,126.314497,33.305588,249963.2367,3688384.357
1401,126.314496,33.305587,249963.1496,3688384.18
1402,126.314495,33.305585,249963.0807,3688384.002
1403,126.314495,33.305584,249963.0251,3688383.821
1404,126.314494,33.305582,249962.9613,3688383.639
1405,126.314493,33.30558,249962.8827,3688383.46
1406,126.314493,33.305579,249962.8118,3688383.273
1407,126.314492,33.305577,249962.7363,3688383.089
1408,126.314491,33.305575,249962.6552,3688382.908
1409,126.31449,33.305574,249962.5793,3688382.729
1410,126.314489,33.305572,249962.5017,3688382.563
1411,126.314488,33.30557,249962.4128,3688382.387
1412,126.314488,33.305569,249962.3302,3688382.206
1413,126.314487,33.305567,249962.2226,3688382.039
1414,126.314485,33.305566,249962.1167,3688381.876
1415,126.314484,33.305564,249962.0146,3688381.718
1416,126.314483,33.305563,249961.9135,3688381.551
1417,126.314482,33.305561,249961.8217,3688381.388
1418,126.314481,33.30556,249961.7151,3688381.223
1419,126.31448,33.305558,249961.6204,3688381.056
1420,126.314479,33.305557,249961.5167,3688380.892